     GH1LL      -0.00510      0.00000      -0.00510      0.00000
     GH2LL      -0.00510      0.00000      -0.00510      0.00000
     GH3LL       0.00000      0.00000       0.00000      0.00000
     GH1MM       0.00000      0.00000       0.00000      0.00000
     GH2MM       0.00000      0.00000       0.00000      0.00000
     GH3MM       0.00000      0.00000       0.00000      0.00000
     GH1TT      -0.50258      0.00000      -0.50258      0.00000
     GH2TT      -0.50257      0.00000      -0.50257      0.00000
     GH3TT      -0.00001      0.00000       0.00001      0.00000
     GH1CC      -0.00172      0.00000      -0.00172      0.00000
     GH2CC      -0.00172      0.00000      -0.00172      0.00000
     GH3CC       0.00000      0.00000       0.00000      0.00000
     GH1BB      -0.00862      0.00000      -0.00862      0.00000
     GH2BB      -0.00862      0.00000      -0.00862      0.00000
     GH3BB       0.00000      0.00000       0.00000      0.00000
     GH1SS       0.00000      0.00000       0.00000      0.00000
     GH2SS       0.00000      0.00000       0.00000      0.00000
     GH3SS       0.00000      0.00000       0.00000      0.00000
     GHMDC       0.00000      0.00000       0.00000      0.00000
     GHMSU       0.00000      0.00000       0.00000      0.00000
     GHMSC       0.00000      0.00000       0.00000      0.00000
     GHMBT      -0.00001      0.00000      -0.00001      0.00000
     GHPUS       0.00000      0.00000       0.00000      0.00000
     GHPCD       0.00000      0.00000       0.00000      0.00000
     GHPCS       0.00000      0.00000       0.00000      0.00000
     GHPTB      -0.00001      0.00000      -0.00001      0.00000
   GHMMUVM       0.00000      0.00000       0.00000      0.00000
   GHMTAVT       0.00000      0.00000       0.00000      0.00000
   GHPVMMU       0.00000      0.00000       0.00000      0.00000
   GHPVTTA       0.00000      0.00000       0.00000      0.00000
     GWWH1     -36.60262     0.00000
     GWWH2      36.60262     0.00000
     GWWH3       0.00000     0.00000
     GZZH1     -47.75977     0.00000
     GZZH2      47.75977     0.00000
     GZZH3       0.00000     0.00000
    GZH1H3      -0.26188     0.00000
    GZH2H3       0.26188     0.00000
    GZH1H2       0.00000     0.00000
    GAHCHC       0.00000     0.00000
    GZHCHC       0.00000     0.37035
    GWHCH1       0.00000     0.22926
    GWHCH2       0.00000    -0.22926
    GWHCH3       0.00000     0.32422
     GH111    4718.91161     0.00000
     GH112       0.00000     0.00000
     GH122       0.00000     0.00000
     GH222   ***********     0.00000
     GH133    1234.89243     0.00000
     GH233    3388.77456     0.00000
   GH1HMHP    1234.89243     0.00000
   GH2HMHP    3388.77456     0.00000
   GWWH1H1       0.21023     0.00000
   GWWH2H2       0.21023     0.00000
   GWWH3H3       0.21023     0.00000
   GWWHCHC       0.21023     0.00000
   GZZH1H1       0.27432     0.00000
   GZZH2H2       0.27432     0.00000
   GZZH3H3       0.27432     0.00000
   GZZHCHC       0.27432     0.00000
     Gggh1      -0.00005      0.00004       0.00000      0.00000
     Gggh2       0.00000      0.00003       0.00000      0.00000
     Gggh3       0.00000      0.00000       0.00000      0.00000
      gwwa       0.31341
      gwwz       0.56766
       gal       0.31341      0.00000       0.31341      0.00000
       gau      -0.20894      0.00000      -0.20894      0.00000
       gad       0.10447      0.00000       0.10447      0.00000
       gwf      -0.45851      0.00000       0.00000      0.00000
       gzn      -0.37035      0.00000       0.00000      0.00000
       gzl       0.19731      0.00000      -0.17303      0.00000
       gzu      -0.25499      0.00000       0.11536      0.00000
       gzd       0.31267      0.00000      -0.05768      0.00000
        gg   -1.2135809   0.0000000            -1.2135809   0.0000000
